NAME	= Direction
DESCRIPTION	= 
UNIT	= 
DATAFORMAT	= FLOAT
DATAFILE_OFFSET	= 0
BYTEORDER_BIG	= FALSE
TOPTOBOTTOM	= FALSE
POSITION_XMIN	= -5861049.7608204605
POSITION_YMIN	= -3956797.8653962594
CELLCOUNT_X	= 2060
CELLCOUNT_Y	= 1760
CELLSIZE	= 5000.0000000000
Z_FACTOR	= 1.000000
Z_OFFSET	= 0.000000
NODATA_VALUE	= -99999.000000
